156,130
156,129
156,128
156,127
156,126
156,125
156,124
156,123
156,122
156,121
156,120
156,119
156,118
156,117
156,116
156,115
156,114
156,113
156,112
156,111
156,110
156,109
156,108
0,455
156,107
156,106
164,6
164,5
164,4
164,3
164,2
164,1
164,0
163,5
163,4
163,3
163,2
163,1
163,0
0,454
162,5
162,4
162,3
162,2
162,1
162,0
161,5
161,4
161,3
161,2
161,1
161,0
160,5
160,4
160,3
160,2
160,1
160,0
159,4
159,3
159,2
159,1
159,0
158,7
158,6
158,5
158,4
158,3
158,2
158,1
158,0
157,5
157,4
157,3
157,2
157,1
157,0
0,453
156,105
156,104
156,103
156,102
156,101
156,100
156,99
156,98
156,97
156,96
156,95
156,94
156,93
156,92
156,91
156,90
156,89
156,88
156,87
156,86
156,85
156,84
156,83
156,82
156,81
156,80
156,79
156,78
156,77
156,76
156,75
156,74
156,73
156,72
156,71
156,70
156,69
156,68
156,67
156,66
156,65
156,64
156,37
156,36
156,35
156,34
156,33
156,32
156,31
156,30
156,29
156,28
156,27
156,26
156,25
156,24
156,23
156,22
156,21
156,20
156,19
156,18
156,17
156,16
156,15
156,14
156,13
156,12
156,11
156,10
156,9
156,8
156,7
156,6
156,5
156,4
156,3
156,2
156,1
156,0
155,4
155,3
155,2
155,1
155,0
154,8
154,7
154,6
154,5
154,4
154,3
154,2
154,1
154,0
153,5
153,4
153,3
153,2
153,1
153,0
0,452
0,451
0,449
0,448
0,575
0,574
0,573
0,572
0,569
112,245
112,244
112,243
112,242
112,241
112,240
112,239
112,238
112,237
112,90
112,89
112,88
112,87
112,86
112,85
112,84
112,83
112,82
112,236
112,235
112,234
112,233
112,232
112,231
112,230
112,229
112,228
112,127
112,126
112,125
112,124
112,123
112,122
112,121
112,120
112,119
112,118
112,117
112,116
112,115
112,114
112,113
112,112
112,227
112,226
112,225
112,224
112,223
